5.571484375000000000e+01
1.190312500000000000e+02
5.571484375000000000e+01
1.374062500000000000e+02
5.467578125000000000e+01
1.570937500000000000e+02
5.571484375000000000e+01
1.820312500000000000e+02
6.194921875000000000e+01
2.017187500000000000e+02
7.545703125000000000e+01
2.135312500000000000e+02
9.208203125000000000e+01
2.214062500000000000e+02
1.107851562500000000e+02
2.227187500000000000e+02
1.274101562500000000e+02
2.227187500000000000e+02
1.409179687500000000e+02
2.227187500000000000e+02
1.544257812500000000e+02
2.187812500000000000e+02
1.648164062500000000e+02
2.069687500000000000e+02
1.710507812500000000e+02
1.925312500000000000e+02
1.752070312500000000e+02
1.767812500000000000e+02
1.793632812500000000e+02
1.597187500000000000e+02
1.793632812500000000e+02
1.413437500000000000e+02
1.793632812500000000e+02
1.229687500000000000e+02
7.961328125000000000e+01
1.006562500000000000e+02
9.104296875000000000e+01
9.606250000000000000e+01
1.014335937500000000e+02
9.737500000000000000e+01
1.128632812500000000e+02
1.013125000000000000e+02
1.227343750000000000e+02
1.045937500000000000e+02
1.450742187500000000e+02
1.078750000000000000e+02
1.544257812500000000e+02
1.065625000000000000e+02
1.632578125000000000e+02
1.059062500000000000e+02
1.720898437500000000e+02
1.065625000000000000e+02
1.793632812500000000e+02
1.137812500000000000e+02
1.357226562500000000e+02
1.203437500000000000e+02
1.357226562500000000e+02
1.321562500000000000e+02
1.367617187500000000e+02
1.439687500000000000e+02
1.378007812500000000e+02
1.557812500000000000e+02
1.149414062500000000e+02
1.623437500000000000e+02
1.242929687500000000e+02
1.636562500000000000e+02
1.336445312500000000e+02
1.649687500000000000e+02
1.409179687500000000e+02
1.649687500000000000e+02
1.471523437500000000e+02
1.636562500000000000e+02
8.792578125000000000e+01
1.164062500000000000e+02
9.416015625000000000e+01
1.124687500000000000e+02
1.097460937500000000e+02
1.150937500000000000e+02
1.149414062500000000e+02
1.216562500000000000e+02
1.076679687500000000e+02
1.229687500000000000e+02
9.312109375000000000e+01
1.216562500000000000e+02
1.471523437500000000e+02
1.242812500000000000e+02
1.523476562500000000e+02
1.190312500000000000e+02
1.658554687500000000e+02
1.203437500000000000e+02
1.700117187500000000e+02
1.255937500000000000e+02
1.658554687500000000e+02
1.295312500000000000e+02
1.533867187500000000e+02
1.282187500000000000e+02
1.024726562500000000e+02
1.846562500000000000e+02
1.149414062500000000e+02
1.807187500000000000e+02
1.274101562500000000e+02
1.767812500000000000e+02
1.315664062500000000e+02
1.780937500000000000e+02
1.367617187500000000e+02
1.780937500000000000e+02
1.440351562500000000e+02
1.820312500000000000e+02
1.502695312500000000e+02
1.885937500000000000e+02
1.450742187500000000e+02
1.951562500000000000e+02
1.378007812500000000e+02
1.990937500000000000e+02
1.305273437500000000e+02
1.990937500000000000e+02
1.201367187500000000e+02
1.964687500000000000e+02
1.118242187500000000e+02
1.912187500000000000e+02
1.045507812500000000e+02
1.859687500000000000e+02
1.180585937500000000e+02
1.846562500000000000e+02
1.315664062500000000e+02
1.846562500000000000e+02
1.398789062500000000e+02
1.872812500000000000e+02
1.481914062500000000e+02
1.885937500000000000e+02
1.398789062500000000e+02
1.872812500000000000e+02
1.315664062500000000e+02
1.859687500000000000e+02
1.170195312500000000e+02
1.859687500000000000e+02
