1.353164062500000000e+02
2.605468750000000000e+02
1.353164062500000000e+02
2.984218750000000000e+02
1.353164062500000000e+02
3.457656250000000000e+02
1.394570312500000000e+02
3.931093750000000000e+02
1.601601562500000000e+02
4.278281250000000000e+02
1.829335937500000000e+02
4.562343750000000000e+02
2.098476562500000000e+02
4.783281250000000000e+02
2.409023437500000000e+02
4.909531250000000000e+02
2.719570312500000000e+02
4.941093750000000000e+02
3.009414062500000000e+02
4.909531250000000000e+02
3.278554687500000000e+02
4.783281250000000000e+02
3.506289062500000000e+02
4.530781250000000000e+02
3.713320312500000000e+02
4.183593750000000000e+02
3.754726562500000000e+02
3.741718750000000000e+02
3.816835937500000000e+02
3.331406250000000000e+02
3.837539062500000000e+02
2.889531250000000000e+02
3.837539062500000000e+02
2.479218750000000000e+02
1.560195312500000000e+02
2.510781250000000000e+02
1.736171875000000000e+02
2.274062500000000000e+02
1.943203125000000000e+02
2.210937500000000000e+02
2.170937500000000000e+02
2.210937500000000000e+02
2.367617187500000000e+02
2.258281250000000000e+02
2.885195312500000000e+02
2.242500000000000000e+02
3.092226562500000000e+02
2.163593750000000000e+02
3.299257812500000000e+02
2.116250000000000000e+02
3.506289062500000000e+02
2.132031250000000000e+02
3.692617187500000000e+02
2.258281250000000000e+02
2.657460937500000000e+02
2.542343750000000000e+02
2.698867187500000000e+02
2.889531250000000000e+02
2.719570312500000000e+02
3.205156250000000000e+02
2.740273437500000000e+02
3.520781250000000000e+02
2.367617187500000000e+02
3.583906250000000000e+02
2.533242187500000000e+02
3.615468750000000000e+02
2.698867187500000000e+02
3.678593750000000000e+02
2.864492187500000000e+02
3.647031250000000000e+02
3.009414062500000000e+02
3.583906250000000000e+02
1.787929687500000000e+02
2.605468750000000000e+02
1.891445312500000000e+02
2.510781250000000000e+02
2.181289062500000000e+02
2.479218750000000000e+02
2.326210937500000000e+02
2.605468750000000000e+02
2.160585937500000000e+02
2.637031250000000000e+02
1.891445312500000000e+02
2.668593750000000000e+02
2.968007812500000000e+02
2.573906250000000000e+02
3.112929687500000000e+02
2.447656250000000000e+02
3.402773437500000000e+02
2.447656250000000000e+02
3.506289062500000000e+02
2.542343750000000000e+02
3.402773437500000000e+02
2.605468750000000000e+02
3.133632812500000000e+02
2.605468750000000000e+02
2.077773437500000000e+02
3.994218750000000000e+02
2.367617187500000000e+02
3.994218750000000000e+02
2.616054687500000000e+02
3.962656250000000000e+02
2.698867187500000000e+02
3.994218750000000000e+02
2.781679687500000000e+02
3.962656250000000000e+02
3.030117187500000000e+02
3.994218750000000000e+02
3.237148437500000000e+02
3.994218750000000000e+02
3.071523437500000000e+02
4.152031250000000000e+02
2.905898437500000000e+02
4.278281250000000000e+02
2.719570312500000000e+02
4.341406250000000000e+02
2.512539062500000000e+02
4.278281250000000000e+02
2.305507812500000000e+02
4.152031250000000000e+02
2.119179687500000000e+02
3.994218750000000000e+02
2.429726562500000000e+02
4.088906250000000000e+02
2.698867187500000000e+02
4.120468750000000000e+02
2.968007812500000000e+02
4.088906250000000000e+02
3.195742187500000000e+02
4.025781250000000000e+02
2.968007812500000000e+02
4.088906250000000000e+02
2.719570312500000000e+02
4.120468750000000000e+02
2.429726562500000000e+02
4.088906250000000000e+02
