6.002734375000000000e+01
1.189179687500000000e+02
6.002734375000000000e+01
1.382773437500000000e+02
6.002734375000000000e+01
1.604023437500000000e+02
6.114453125000000000e+01
1.811445312500000000e+02
6.673046875000000000e+01
1.991210937500000000e+02
7.790234375000000000e+01
2.143320312500000000e+02
9.130859375000000000e+01
2.240117187500000000e+02
1.080664062500000000e+02
2.295429687500000000e+02
1.248242187500000000e+02
2.295429687500000000e+02
1.415820312500000000e+02
2.295429687500000000e+02
1.583398437500000000e+02
2.253945312500000000e+02
1.728632812500000000e+02
2.170976562500000000e+02
1.840351562500000000e+02
2.032695312500000000e+02
1.918554687500000000e+02
1.852929687500000000e+02
1.940898437500000000e+02
1.645507812500000000e+02
1.940898437500000000e+02
1.438085937500000000e+02
1.940898437500000000e+02
1.216835937500000000e+02
7.119921875000000000e+01
1.092382812500000000e+02
8.125390625000000000e+01
1.016328125000000000e+02
9.242578125000000000e+01
1.016328125000000000e+02
1.041562500000000000e+02
1.037070312500000000e+02
1.147695312500000000e+02
1.064726562500000000e+02
1.426992187500000000e+02
1.050898437500000000e+02
1.527539062500000000e+02
1.030156250000000000e+02
1.639257812500000000e+02
1.023242187500000000e+02
1.739804687500000000e+02
1.030156250000000000e+02
1.840351562500000000e+02
1.078554687500000000e+02
1.270585937500000000e+02
1.216835937500000000e+02
1.259414062500000000e+02
1.341289062500000000e+02
1.248242187500000000e+02
1.465742187500000000e+02
1.248242187500000000e+02
1.590195312500000000e+02
1.058320312500000000e+02
1.645507812500000000e+02
1.158867187500000000e+02
1.673164062500000000e+02
1.248242187500000000e+02
1.686992187500000000e+02
1.348789062500000000e+02
1.659335937500000000e+02
1.426992187500000000e+02
1.645507812500000000e+02
8.348828125000000000e+01
1.203007812500000000e+02
8.907421875000000000e+01
1.175351562500000000e+02
1.047148437500000000e+02
1.175351562500000000e+02
1.114179687500000000e+02
1.230664062500000000e+02
1.035976562500000000e+02
1.244492187500000000e+02
8.907421875000000000e+01
1.244492187500000000e+02
1.449335937500000000e+02
1.230664062500000000e+02
1.516367187500000000e+02
1.175351562500000000e+02
1.672773437500000000e+02
1.175351562500000000e+02
1.728632812500000000e+02
1.216835937500000000e+02
1.672773437500000000e+02
1.258320312500000000e+02
1.516367187500000000e+02
1.258320312500000000e+02
9.577734375000000000e+01
1.839101562500000000e+02
1.080664062500000000e+02
1.811445312500000000e+02
1.203554687500000000e+02
1.797617187500000000e+02
1.248242187500000000e+02
1.797617187500000000e+02
1.292929687500000000e+02
1.797617187500000000e+02
1.426992187500000000e+02
1.811445312500000000e+02
1.538710937500000000e+02
1.839101562500000000e+02
1.449335937500000000e+02
1.908242187500000000e+02
1.348789062500000000e+02
1.949726562500000000e+02
1.248242187500000000e+02
1.977382812500000000e+02
1.147695312500000000e+02
1.963554687500000000e+02
1.047148437500000000e+02
1.922070312500000000e+02
9.801171875000000000e+01
1.852929687500000000e+02
1.114179687500000000e+02
1.852929687500000000e+02
1.248242187500000000e+02
1.866757812500000000e+02
1.382304687500000000e+02
1.852929687500000000e+02
1.527539062500000000e+02
1.839101562500000000e+02
1.382304687500000000e+02
1.866757812500000000e+02
1.248242187500000000e+02
1.866757812500000000e+02
1.103007812500000000e+02
1.866757812500000000e+02
